158.828918457031  38.8064804077148  0.477100998163223  2
164.57759558356  39.793437318779  0.466082065735232  3
154.451612820584  40.52319881841  0.501574174133454  3
158.740687313224  42.7657808240651  0.498944341263091  3
153.637965917156  36.8337331835702  0.465809742537299  3
157.026059472002  37.2379677273542  0.438326676915026  3
157.254735290905  34.8745739990252  0.496061414054157  3
155.85890992186  35.2494053891733  0.493111247976923  3
161.777209241993  36.5405873437207  0.507674284488805  3
158.847724736628  36.3253908573049  0.513801835827143  3
155.262975909246  42.4647921836236  0.465814752271434  3
154.965599117687  35.3927183045907  0.468021505216199  3
159.083475248711  34.1785414880694  0.480508953765146  3
157.762860206358  34.655040501823  0.493888899161938  3
159.499458418623  41.8214662667537  0.509469795589807  3
158.041536407202  42.2248664243546  0.447268414015797  3
154.231726852923  41.8745759554009  0.478061790359431  3
157.57846521847  40.0498343460848  0.436345602204459  3
154.672881313014  35.6875848681683  0.465662724393583  3
157.559797814335  34.8363560028761  0.496622317037398  3
160.809638526762  43.1240351559897  0.466638708671056  3
155.997806240262  40.6128928384836  0.442157582063574  3
163.243397537392  40.2442059776516  0.502707009474188  3
158.877010867384  37.2451926128211  0.436307245893838  3
153.817061051716  36.5166310957586  0.467128372877743  3
163.078240381278  36.0701690213119  0.459761346869901  3
160.672767886403  34.9633610257398  0.496290577383056  3
164.137484133749  37.4508038529766  0.490302352520101  3
159.468074212431  35.5337327895534  0.445812711533832  3
153.963615989628  36.5991140205578  0.462096233859799  3
162.067782355181  41.7722772910422  0.500466496844075  3
164.348305841634  39.9276822366942  0.461420046754086  3
163.331891153682  37.8019353294479  0.502994280859244  3
153.612792177206  36.7347929712161  0.481851093701239  3
155.893324186435  42.3091455201236  0.495622508332423  3
153.889422157853  41.5468147620765  0.476781461639956  3
157.781157256874  35.6761934283571  0.445191881480649  3
153.767332387267  37.5214819237229  0.495054435427518  3
157.823898477803  42.6006030944403  0.500315578238219  3
158.917607563643  34.3457728638973  0.462809012258527  3
152.905640861019  39.6077594937251  0.477733094805231  3
155.668067853869  35.2255848776604  0.490557316963863  3
155.851077957389  38.9384395172693  0.514775791653013  3
162.838473703287  37.4366855933512  0.446963551779466  3
163.215763611889  38.4354231105607  0.505658730103869  3
155.37002187862  35.4957413283918  0.458966499643442  3
162.135645506324  41.1163204121168  0.446871328348128  3
164.561341104013  38.3265913414027  0.464258042025031  3
153.920953538238  37.4128770016768  0.496498184722855  3
160.004170040364  34.7081416951693  0.456923886884413  3
154.733020166415  38.857444609664  0.444791822056656  3
159.052298628179  38.0089539327463  0.520389429495397  3
163.453317904062  36.265496960997  0.462785682518055  3
162.519786923812  42.4934950246243  0.480775243234774  3
162.345009273155  35.3344024883278  0.462863421296605  3
155.582907813987  38.6127093509662  0.513418358342154  3
156.107749198689  41.1097443952385  0.444130744594534  3
160.800925182306  35.6412010244952  0.504691690266075  3
158.089384928825  34.2605125455223  0.467355417271913  3
164.369678890919  37.3472830288405  0.468061149238353  3
158.983594132993  42.7362146657064  0.499387382952425  3
164.580055264669  38.6207455271283  0.463718419617604  3
159.928332279025  34.8709951246765  0.454036804083379  3
164.214883988335  40.5113197201697  0.487550445638742  3
153.077107116062  37.7626295457555  0.470253170828368  3
154.47404446022  41.7486159263306  0.48897904246035  3
164.52271848515  37.5922751176091  0.480252477622593  3
164.454734221243  39.0624098459058  0.490479922065245  3
159.553294287279  42.3584551341783  0.448520448627644  3
158.428169755807  38.9008457949372  0.434133761135309  3
153.062434268284  38.0258060871722  0.483473812946052  3
156.751964392044  35.9258873099563  0.507004075582673  3
162.576737564165  38.609461606795  0.510542874502623  3
155.250809245062  41.2290050431875  0.449194709379308  3
164.191219933846  41.0100297085367  0.47546263712606  3
163.317762511609  40.0908620520291  0.502701544646553  3
164.157317443945  36.9372846377226  0.468250487019382  3
154.46506083942  41.1357792498238  0.454691555073554  3
163.336389014293  36.3771164879132  0.49209008837391  3
153.568457451452  37.3695554598214  0.460671196508756  3
163.417737230475  38.71043072089  0.504148810206123  3
162.715302482085  39.29466434372  0.443753176030819  3
161.498478636714  41.0217021253885  0.509830492185552  3
154.811604883494  35.5654694865992  0.484876266055917  3
164.50627399974  40.4305182448632  0.474384398736893  3
153.783079668931  37.5200001801368  0.456287923017057  3
164.135047910189  37.4187079923768  0.490057341004302  3
163.447995954327  36.7671118826575  0.495061998818629  3
159.2041545487  35.5046300253897  0.445841009715588  3
157.932750561605  38.8883302060672  0.520583516122426  3
154.158698688657  35.9817501593327  0.47695517031611  3
155.088414516127  41.4177459178653  0.500276272079096  3
159.382349549675  43.3945585460227  0.468541513609587  3
153.95000986546  37.9183533418954  0.452507973708526  3
159.869088148959  37.1842813475215  0.437149091501046  3
156.683987054748  36.4482297760548  0.442671619735475  3
163.446169008934  36.7129492081332  0.494530274999165  3
154.947410581808  37.2600506829477  0.505894336506958  3
152.968197057228  39.4607739172724  0.467723524934405  3
155.835420639868  42.7726395471263  0.48428082998716  3
163.960154285945  40.6299322759961  0.491403853092626  3
176.78955078125  38.9632263183594  0.532534003257751  2
179.170466113854  39.989911352936  0.571383403017248  3
178.185465880631  40.7421925607341  0.571568579752118  3
177.071176215381  39.9293339687144  0.576512864095409  3
174.585669589192  41.4446856758686  0.563566265383287  3
180.867857116516  41.7846081672666  0.536755603338609  3
180.181559132737  36.1121137257669  0.548082280377597  3
180.999389611811  41.6827965315793  0.52593421210335  3
175.06837811273  40.5592407297676  0.49348237986389  3
176.835844343842  37.6660891923268  0.490204219408622  3
176.250368427479  35.7004245723977  0.559890712233293  3
173.321148513419  35.7883108654459  0.536113171922378  3
174.652418355069  41.4720401387952  0.500309871314518  3
172.247013249045  39.8913848576967  0.554484954232497  3
175.530290780658  42.8953516005803  0.517924027352319  3
172.891576477841  41.8368698548536  0.521237619411109  3
176.074619783913  37.4026449841468  0.491505167641169  3
176.537610692785  43.1820177683016  0.533826703802596  3
174.36970792745  42.3208713236724  0.51215917328694  3
180.004944484789  35.6457657990019  0.537359294262383  3
174.7207278582  42.8226346390961  0.522940234687045  3
173.025739829069  41.883656788273  0.542506345905983  3
177.324593202808  43.1715236346197  0.532974538768291  3
177.740440609578  42.8822863537252  0.516041078611755  3
173.810665666728  35.4579148914219  0.531439360083625  3
173.790248097476  37.7638069199758  0.567218640277591  3
180.848312319661  41.0535413403838  0.510520196936199  3
179.490781477714  42.6550911925369  0.53433448046219  3
171.438372795483  38.4595341200416  0.525844222172904  3
174.05210827403  35.4239829908133  0.522526467260774  3
176.930588835123  40.1604162976005  0.575852123255896  3
176.634885537281  40.0809695500987  0.576111423968841  3
171.808857774117  37.4072116457711  0.53528297692852  3
182.115074527582  38.5487813330174  0.523484527780218  3
178.86536589678  35.8442726203292  0.556270552131526  3
172.717332890348  37.7071350119889  0.557820670246408  3
177.210954058927  35.5344703243002  0.557613704983359  3
175.075622099673  36.1912077104384  0.562531160716887  3
171.715388212924  39.3605108485159  0.547119863003863  3
176.242999042486  38.8575026956848  0.488461430909932  3
172.667159981349  36.5927995387202  0.517367974359837  3
172.424836194884  38.3063810196056  0.557191869444653  3
172.599176176065  38.7259265097491  0.503362105262017  3
174.664742990334  39.8846749891647  0.572757161124328  3
175.678126142575  37.8606951091046  0.490552857002413  3
171.99425490211  38.348322498227  0.551130602477352  3
172.002032681785  39.9463652958053  0.550443127814279  3
172.922972323551  36.4992886185315  0.547883979328253  3
174.465653650042  42.7386426809486  0.522955222650891  3
179.580149394686  35.8148681279747  0.512678354131057  3
173.411243467849  38.339510341198  0.566556504403779  3
175.422285364073  36.5702258868712  0.497096665486016  3
176.848182326529  43.0739607371226  0.520372767468933  3
179.090399566514  42.3469977495477  0.550839314727613  3
172.353819037324  40.511726105675  0.510513744068287  3
171.711669354258  38.8976910466906  0.515096199649463  3
177.464301575822  37.8269298170237  0.575672185050187  3
177.046962767086  34.9112424687297  0.518319900524321  3
181.631653737729  37.8774375502379  0.54735282156789  3
178.474129397501  38.0168807921671  0.491360580470356  3
174.911505655702  39.1009684492663  0.490762937392453  3
176.833093580687  37.1415338396613  0.492218873923237  3
176.581215882278  34.921112959452  0.517923005508315  3
172.153622360926  38.9140852440669  0.508044437827317  3
171.494103646162  40.0730878406048  0.530806510615024  3
171.977798455533  37.0872922704437  0.532827494771786  3
181.599234006655  40.8727025012535  0.522344962995184  3
172.295222351406  38.6068629381855  0.556385012997168  3
175.922055241548  35.3124322541522  0.509952424578336  3
171.678720324651  39.3904276612648  0.54621786355268  3
174.951718184154  35.2559720734928  0.516089385535568  3
172.173597472394  40.3010575293693  0.511554511668153  3
172.805163807187  39.6483231561227  0.50203945746657  3
178.112446322449  42.8884166239916  0.544035561298093  3
173.039372904816  35.96858690824  0.534098861269537  3
180.770950358351  36.6416321614557  0.514052099792007  3
173.781738454661  41.5877549830853  0.556963956937468  3
178.084923585764  37.7056626591708  0.574151346847383  3
180.393419917869  37.2337896470159  0.55945910908299  3
172.611640303687  41.7456775622178  0.528716654726959  3
180.335124884748  35.8125565288463  0.528395672015315  3
172.968963818436  40.1129151782694  0.56159493309534  3
175.837295316147  42.5312447460863  0.50861812719214  3
179.860674175616  36.9840873548628  0.562042311429859  3
175.475045611459  42.8490508494248  0.545386452757359  3
178.300772561439  42.8319816862011  0.544618368896405  3
175.37896092265  38.5296461988284  0.575919845966437  3
181.16927375425  36.5941008604526  0.524913979445397  3
175.996148406911  34.8151007244032  0.536740846556471  3
180.788832549358  39.7206653371243  0.561316401577193  3
179.917947813781  35.7301164837876  0.519081807607569  3
178.722650502331  36.6678313195539  0.498157961427162  3
177.204594487247  35.5927211575146  0.504817960343976  3
180.454787059619  35.890744959022  0.531726360844697  3
176.4986798265  40.7088783056375  0.573430377898322  3
173.537913226578  42.4039405029131  0.530996100703233  3
180.370683349305  40.582345905233  0.502435924522333  3
173.670951128782  37.4059215467937  0.499458442510116  3
173.896235699573  41.7890607530868  0.555311325064187  3
174.385987370662  35.7649787246112  0.552616000746779  3
180.935058721428  40.2029515832713  0.557898666194501  3
155.051330566406  45.413948059082  0.609933018684387  2
153.474534103838  45.2670318570431  0.654949434408985  3
150.612393049049  47.4134009616666  0.619562139990177  3
151.066872540169  45.2836724415  0.578217248241025  3
154.222294256675  48.8311917832048  0.590520919299681  3
151.369414291445  47.177191061455  0.582559626820003  3
154.522680313351  42.1073377855345  0.587124920951479  3
156.205699241535  42.3626600702959  0.634290130954909  3
154.76460288201  44.9186056393405  0.564240701541945  3
151.615668614445  43.0220537380525  0.589659167976723  3
155.085282206323  47.8280919691926  0.573849637946562  3
158.02649152891  42.6634905707928  0.626305263787276  3
153.723821881465  45.4109772502946  0.655663893006586  3
157.865123417764  45.5624713666291  0.570220419014518  3
153.570322416039  43.785167424054  0.649974109621556  3
159.551963641963  45.4544806594236  0.583678371099163  3
151.93085480323  44.9855685641313  0.572261794634853  3
152.775423892648  44.1441582956061  0.649012802546849  3
151.684932464661  43.559089722892  0.581555235415924  3
160.385658827069  45.208949412033  0.610879590789519  3
151.61044570248  44.3744184923453  0.576336737970871  3
150.714402241254  45.2147590216065  0.581909721356811  3
159.492535106842  47.4208976477927  0.619277255171567  3
151.913403160927  43.660286737468  0.578732059581657  3
152.954953636848  42.0726995479537  0.598160764014427  3
153.540774402405  44.5781214701211  0.566682638337517  3
157.374856667104  48.072208636304  0.635546154319054  3
160.32953123959  45.2264560425301  0.601166062410723  3
153.342346387312  41.9569283234483  0.598317848913145  3
152.947135615076  47.9795678156124  0.580164320712275  3
156.056822571584  49.0059445691601  0.619476836322236  3
160.175666810504  46.6047238820655  0.6051126117962  3
154.60223705925  42.3676724114417  0.582033133480432  3
150.621179142045  47.5393620390071  0.615601441793653  3
151.112249844859  47.2117896810361  0.632199486779194  3
151.273629945999  47.4845040352922  0.630678196453839  3
151.932910077168  47.1889507569485  0.578063383222358  3
150.349341561008  45.0510089860183  0.587171237206597  3
150.989004225742  47.8227911921131  0.617840547854458  3
159.492307471778  43.4470926079908  0.614386959096811  3
157.753305529428  42.6396365737396  0.588491442384123  3
153.973788297938  43.5390917327532  0.57056714489554  3
154.589653030777  47.0429341440377  0.568202827295628  3
159.474364541599  45.8209620198992  0.582996913011244  3
160.251563537141  46.1729787897996  0.600316293365322  3
149.779029488118  46.2208553865906  0.609142617925163  3
158.93316730303  47.3548313464981  0.631127718984464  3
157.085525201774  47.9510979360356  0.579473589927843  3
152.10553137104  43.6573301032991  0.577383737398344  3
154.701361380581  47.1310874328659  0.56863146563185  3
149.962405341547  46.2764791679265  0.619928539912811  3
155.975133959103  47.9254928893393  0.575668998841333  3
157.766040695131  45.3027172033482  0.650208819479368  3
151.997028878453  46.7064662244501  0.644682967542503  3
151.971554030121  43.0969383183714  0.584430729725625  3
159.86945837949  43.9317799623799  0.602628083399963  3
157.193282415292  42.2332871393599  0.624567196025953  3
157.22481952387  42.3507912070798  0.589876348812199  3
154.575061396418  46.5715674417041  0.654570938036834  3
156.389463705988  44.7714021051222  0.565825311398107  3
156.987123686975  46.827525623524  0.570015087698406  3
155.028705972557  46.7380023488047  0.566543806858827  3
156.92435621855  41.9486855757509  0.615347116849824  3
158.886376254721  42.8946818989722  0.602380254797023  3
152.708417549189  48.8161789995046  0.606044216825108  3
154.360865223593  46.2267852992006  0.565175157304674  3
154.684291277345  46.3978427856912  0.565396014013399  3
152.949551806943  46.7536872726529  0.570231382579809  3
151.050249134783  47.9035789478015  0.600447834893819  3
151.637510820347  42.7102000977643  0.619808568992286  3
150.570900600876  43.4343709582453  0.608233399943075  3
156.182182561363  47.8283201385311  0.644038932819544  3
155.234252081434  48.9854714485136  0.623165906510329  3
159.683922327563  47.3160532982943  0.615449064205412  3
159.649077131687  47.3268847084293  0.600309927095614  3
153.408567795541  42.0275730848608  0.6225959028831  3
152.460260911889  46.642325064924  0.571745544087075  3
154.964459808141  42.3151483570455  0.635528251825997  3
155.427978264836  46.9174411410299  0.652874027464722  3
149.962874938499  46.7074020703836  0.610033356504223  3
152.956714571412  43.3771518790349  0.574989058823087  3
156.291970733131  42.9068397404689  0.642468057425631  3
150.744804825726  45.04528810983  0.636357107740228  3
156.043555114401  41.9128917444116  0.623166685394121  3
157.207908031691  47.8746431239639  0.63943673041116  3
151.606146416038  47.6333077469328  0.632508768557552  3
159.51417176  43.6469886637934  0.620375839050744  3
151.851483090278  43.2130052924995  0.634030546757553  3
150.471971681737  44.5233414631729  0.587838666970156  3
154.601665199361  46.3984099031975  0.565449064294071  3
150.1038878365  46.4257563120237  0.622657610043059  3
156.897788350851  48.4295783688485  0.632015795637548  3
150.057230793398  44.6141850377659  0.62127512056404  3
157.32570304484  43.4823533197439  0.64419722085516  3
157.136098842766  47.645270720079  0.576369929445025  3
150.1702921648  46.1586138351811  0.591098382937785  3
159.437949539333  46.6754218210099  0.631397844621339  3
155.798236500805  42.9041773374669  0.643671584361287  3
155.768226910324  48.7267943954924  0.630095283755284  3
157.691452833166  47.3653913527266  0.576562189151171  3
151.310098069243  47.1664303763603  0.635081256074903  3
202.639236450195  37.3876914978027  0.465458005666733  2
203.932661408866  39.1598622704284  0.504618797802491  3
206.041432352746  37.7680615418013  0.429676107468032  3
198.59619329211  35.8658977346875  0.436114032116353  3
207.703918425811  36.6111156827357  0.442436351155636  3
206.346664632665  35.5803842070372  0.49422946247791  3
205.433197420162  35.5558102473092  0.430743582135171  3
200.987213962465  36.886346637163  0.507084614505275  3
207.680747034945  35.8173562837162  0.446139128100704  3
206.60100882472  40.0160393097054  0.441566403691602  3
196.968503130778  39.0897256995388  0.462240501980585  3
200.211624941605  41.733309241204  0.458211230647243  3
203.075406912246  37.7749715066939  0.422875712116933  3
197.745317814629  37.8942526033717  0.439621428627738  3
197.302976753758  39.0371272296908  0.449703747843268  3
203.128600103841  41.5563382855846  0.48489432577738  3
207.084777852021  37.9631470489219  0.435940367904128  3
208.226350752972  36.4173139637317  0.451516403945534  3
199.214274024828  36.8987010681901  0.500355313181421  3
201.268039452902  40.9265735290176  0.491900590308607  3
204.396374011043  39.3860441726525  0.428099702453486  3
201.369336804802  32.8148686058429  0.471631332122377  3
205.964889005091  33.6801658879669  0.452066064764298  3
205.861665390396  41.1722912009645  0.450413112744166  3
208.318836104091  38.8377724518771  0.456232368341995  3
206.176992624505  36.3722452783921  0.498604727415143  3
199.752538319101  41.3297027934826  0.4774163562354  3
205.884582413178  33.4202820118709  0.464889408397437  3
205.92597421891  33.7821772932119  0.478552414490175  3
201.675950588596  40.2412219054493  0.431079372877399  3
200.701167051943  40.910911584127  0.490223250271943  3
205.98454038075  38.5035950917756  0.430526134456691  3
202.480149331215  37.4454998867717  0.422660790672836  3
202.418513921498  39.0429695748961  0.506213563643998  3
200.813907288605  37.8177450756348  0.506763915370073  3
200.671370602666  33.4156512483864  0.483104391617122  3
203.841392013133  32.9091114796811  0.451929146770749  3
202.96584120362  41.3635748581018  0.440581388541805  3
199.275142518317  33.4900609204431  0.465767273069798  3
203.733785776474  41.0335165806252  0.491320525390021  3
198.969165668661  33.8190441468711  0.473346423795851  3
199.121374415183  39.1846941868882  0.433573939698695  3
207.218125738145  35.2062862445807  0.48304788454763  3
199.820961474358  35.8980094995726  0.429587118256539  3
205.870510829547  36.4403077379307  0.429843102223652  3
207.264085939815  34.4347728254858  0.462847749575686  3
206.916730383155  37.1766040743955  0.495002106754246  3
204.525123224695  33.6267776824257  0.486933415278151  3
201.027569789635  40.5480482556124  0.434447854291847  3
198.538405778437  40.3297013305014  0.481947197111776  3
208.053205991678  37.2964028117379  0.482682786380401  3
197.989416066698  40.4493072713827  0.458731698026517  3
204.611846828158  34.9993887919412  0.499654497734755  3
200.67785199984  41.6386721393332  0.44988981776987  3
201.892813934962  34.6576524099067  0.430106024500951  3
206.154746079316  35.0566362715324  0.492187770846524  3
204.425209473626  38.0787783886277  0.424827215601342  3
206.468158416694  37.2337393084473  0.49825886515922  3
207.898251314147  38.1127218718034  0.484278389271296  3
200.944751650572  36.9309707904214  0.424427457594421  3
205.087887569952  39.5120818302626  0.43051045584014  3
202.762314877971  39.6314602254287  0.427257869791616  3
196.710491050209  38.2978130771483  0.462774380391231  3
199.686468153595  38.6495809482549  0.429241447056604  3
197.861059140235  39.5142638216995  0.482716289631272  3
206.392203962575  35.8534005797353  0.495295948358192  3
206.12644235874  36.4097348126205  0.499008622418288  3
203.032329581538  32.9335048629103  0.479110467173442  3
200.52143448297  41.64459494059  0.476537939543607  3
207.740442289725  35.4705366282081  0.477418582991921  3
199.251967401347  33.8858431771561  0.448482817176222  3
206.291290678792  33.9949799726424  0.478071666756591  3
204.161137807923  33.8659489798064  0.437625529153551  3
206.488350095986  34.9551760189297  0.488658645791177  3
206.726401510413  39.1253164102001  0.492436272535915  3
198.712726634604  36.3595394288806  0.433658820823313  3
201.435557668126  41.2605135766132  0.440570224315747  3
204.144602224326  41.8672122125772  0.474271157374304  3
205.371911514133  37.0750659404319  0.427050063729353  3
199.370190509433  40.6058180069788  0.442161602564696  3
200.836601884327  33.3948005319799  0.444587150890065  3
202.904423269248  39.8501918937173  0.502324609201335  3
205.971810548172  33.4930744506819  0.459465434980944  3
200.84005360611  41.1988749564211  0.441565980702141  3
208.408451367391  37.3625251746298  0.475756479336748  3
207.96385482857  35.4890564226679  0.471849257711235  3
203.835171376076  35.6929173077748  0.426054747279451  3
199.006914791628  36.1247067247708  0.497221557812557  3
198.411162833102  36.767640981716  0.434704592123843  3
201.839796743623  41.8221024115745  0.449028951265798  3
207.838544239475  39.6428412989213  0.473362336863093  3
196.781396944395  38.3445315676018  0.46982236308426  3
201.048449965668  34.7958102237612  0.430706517111088  3
205.061733239864  41.7493349494502  0.468131507128841  3
207.195072004936  34.3699095441064  0.462222898948698  3
205.884631457333  37.0244050529319  0.429044375329056  3
207.151491003983  37.9305336387638  0.492849731285902  3
208.117673230754  35.5669986712931  0.461922198767455  3
200.241930903274  41.5887324156768  0.475568544556573  3
206.269041814244  35.6803410903962  0.495304386710244  3
197.917349789364  35.7505781668287  0.485844763885957  3
209.578155517578  36.1735992431641  0.661314010620117  2
205.663223836801  35.2594088389056  0.676222536674916  3
210.782926502251  34.569260081952  0.701934208194026  3
212.190456904255  34.7676205065128  0.62782074527709  3
205.63909624416  36.6746715213824  0.679698489302378  3
213.669256323241  35.4932433848049  0.67272651262946  3
210.954443889711  35.0602282045084  0.618602053186541  3
209.640699916705  36.4801472311649  0.709841951383688  3
213.834683537429  36.977385579782  0.66030781174283  3
207.283816528758  35.1780020808345  0.622817032868326  3
213.284287072913  38.0702568274865  0.660581393785681  3
209.87571175858  34.1506050102197  0.622114456621449  3
212.290993811329  34.0729404694615  0.684023937557966  3
211.331588553464  39.3962409888309  0.657665930695901  3
209.055729219949  33.2278137382877  0.685908052024332  3
213.756811861154  37.1571651071505  0.664787425650805  3
208.03184331917  38.7922422863321  0.633281796182714  3
208.718927412169  35.5288932960929  0.615524565952502  3
210.57974988938  37.5810741892314  0.704158629809048  3
205.881233628417  36.8620698841251  0.684168839662053  3
209.23210390445  37.0256859842313  0.615344482197929  3
210.286770063325  32.7170265197088  0.662642785662842  3
205.960852672967  37.780757365922  0.643908526322402  3
208.283784077857  34.9435208494739  0.704163120792685  3
206.985167162017  33.8178520250897  0.639625462762142  3
207.725542116482  38.5563098633124  0.631645708835275  3
211.196991601204  39.2767693155874  0.674109691580396  3
206.826603763032  33.8792351707672  0.679482000787754  3
208.424134744467  35.2773361742506  0.706350129210331  3
210.005077330102  38.8564280281875  0.630066103153589  3
209.336713513491  34.9450332888343  0.616746917763038  3
213.533440368499  37.439812201  0.671397435098853  3
208.097220089795  36.2109227275582  0.616520826260085  3
211.028891310079  35.0597170376382  0.618885800141788  3
208.189869170487  35.1920718968009  0.618087844789062  3
213.312771915801  34.4306370534964  0.658832502666796  3
210.712138064227  39.4325402116198  0.673015488940416  3
207.422950800982  37.9653972121984  0.694866069920762  3
206.668304764875  35.2982016556516  0.694343334206807  3
212.449899269965  37.0958575698477  0.62692428613384  3
209.4271024956  39.6360663392249  0.652079373151863  3
211.058757603153  39.2112113640659  0.678125834769266  3
209.079674177025  32.7286020280753  0.652476632005935  3
213.42440369678  37.7017916290145  0.649836223108097  3
208.251099356422  36.7683719367557  0.61664089590903  3
209.892402226757  37.3421704567144  0.706919399911667  3
205.245591927948  35.9232045436643  0.659729685358171  3
209.12876185573  33.9084777502749  0.697424304564147  3
210.264720563152  36.132599885789  0.709385880953709  3
212.317639523738  33.5582116654047  0.650846925018533  3
207.142819353425  35.7397753095631  0.700585703193485  3
207.847053478788  33.0843844528828  0.648052828045633  3
209.447410318235  32.6748025465469  0.663669698382731  3
213.156500274484  36.468782241821  0.633402516932443  3
211.84232641146  35.6891609996238  0.701791813010707  3
208.45887982739  37.4282721685607  0.618372898032464  3
212.682809327444  38.1281947237158  0.639124250316329  3
205.328848446071  36.9082316826746  0.654781922422823  3
209.686064501441  32.7036629573787  0.652622839431464  3
209.450565349829  37.4852332715023  0.617100154023322  3
208.522736530158  36.155197419259  0.615201970721434  3
205.890640314037  38.0045350115047  0.667739836737561  3
205.824824886367  37.3018359028395  0.679584955337847  3
212.887183966463  37.2215452195751  0.632557484265497  3
212.548525485296  37.2199271495858  0.628534626536305  3
212.971405104529  37.1993610934204  0.687426448699599  3
207.939442906487  36.2067205314567  0.706192173675036  3
211.624860101474  37.7639400500014  0.624541805346739  3
211.820294215433  33.2151989234659  0.65404245617574  3
208.211689757224  38.5717945544597  0.692558179290379  3
205.944652884184  34.3090180792077  0.662944585915525  3
208.630291515963  33.7306110136763  0.628003895814282  3
212.866629349851  35.3592741111177  0.689791833053561  3
212.377208107986  36.9048769237849  0.625487954505026  3
206.057282137023  34.1720064718125  0.656945772848899  3
206.451017645666  33.8420224606909  0.667840180664527  3
211.391936574452  39.305178973787  0.650579978126335  3
205.708316239429  37.5783916493001  0.647923171840352  3
212.730619051485  37.9723036835274  0.683074083516391  3
210.329805788165  39.6301318634485  0.65744794318141  3
208.212837135966  35.8486716378445  0.616321901561138  3
206.969501945245  38.0624165529934  0.631794748989322  3
210.081929825674  35.7432433856574  0.7092944831489  3
205.416332708259  36.4660439263607  0.646322869536111  3
213.773081155155  35.3138125978866  0.660156504166038  3
209.983641000308  38.135611023166  0.621678474807395  3
211.009591192553  34.324703795543  0.698727635712838  3
206.687622304149  37.4379123235905  0.692485679223015  3
212.139240441935  38.4376604209195  0.684269420689157  3
211.443038662677  39.2066350068638  0.646653151962045  3
212.209942513344  38.004191450051  0.689874623400938  3
212.771662107811  38.5022498784078  0.669223197515319  3
208.449205410494  33.0410926840702  0.67771767023294  3
206.886332613848  34.0755729272576  0.684385538748887  3
205.517944484225  37.4991358832551  0.658057684386169  3
210.654007152653  33.8778912443229  0.626628338934817  3
205.516900710897  35.1132067168783  0.652204060775652  3
208.117511651781  34.8574630515501  0.702903395853374  3
211.121744904748  35.0492826805723  0.619309311507476  3
205.755413614714  36.055814632486  0.637514135531846  3
206.835362075737  35.9267083401008  0.698209641723326  3
172.982177734375  34.1102142333984  0.620522022247314  2
168.942116607109  34.4787644618063  0.599505866266234  3
170.572743305788  32.7012085371087  0.585019291230321  3
174.778403425003  30.8671492641742  0.63133661165432  3
174.913103819501  35.3101078363811  0.580887047042119  3
170.235622883515  31.9365688219634  0.595175174642421  3
169.480687261917  32.8325226608182  0.595605174887044  3
170.731365780876  37.1934959060435  0.6310784702208  3
171.797337301316  30.7638002488387  0.603521700259643  3
174.681605725548  31.9902857975415  0.586088581114535  3
168.910704757214  35.1858254935389  0.604417037214471  3
169.898303205578  34.9684830792475  0.587596283411554  3
169.248284579444  33.0844792648045  0.641459310038422  3
175.408392783995  37.1583301213654  0.628571447420935  3
176.664581014607  32.0581529992733  0.617647686828486  3
168.668013648432  34.6161570330609  0.607780002183232  3
175.576634176426  35.6373106515281  0.586848514772871  3
169.079477554494  32.6078793655746  0.6073961771796  3
176.248387881729  36.1517420473896  0.599614836038445  3
173.50091267362  36.7807527256586  0.587882016567251  3
175.513885184677  32.3246707432668  0.651136446469848  3
177.249857019722  34.6375425818385  0.606166384333954  3
170.566870697836  32.8403430200262  0.584262674906725  3
170.321458439088  34.8285120942844  0.657053543910243  3
175.895419266901  35.6427363475411  0.589699074541969  3
172.597992919586  30.5803703181885  0.605465288213176  3
174.153658052778  35.3152157480218  0.663482554040027  3
168.860506861468  32.9689375219907  0.629210372204381  3
172.89736754913  37.8107187457144  0.616472257953178  3
176.239555944986  32.0835296723147  0.600619436202641  3
173.480083601594  37.7249327634682  0.610043994890298  3
174.279602768745  31.4120486669228  0.648889873021496  3
170.239542510335  36.6836670663371  0.637766303086685  3
169.742415669514  31.6657346589228  0.611396813115885  3
176.11553329894  31.6669355550078  0.630796727377816  3
172.256169090871  30.4579909696989  0.620994982284669  3
173.721953846773  37.7664632328832  0.620382323168927  3
171.51646128343  35.9535629606637  0.582577106911275  3
176.020209324244  36.8419259083886  0.624063728831772  3
177.326978949772  34.0551978554434  0.630360114745148  3
171.505363936585  36.8170356796936  0.591549307070965  3
176.719033391594  35.6508879062462  0.601541189314878  3
173.271359277749  30.4294923797462  0.62362436214464  3
172.190701902275  37.7176633774654  0.626148979739582  3
173.855743275984  37.7453718766733  0.617041032150445  3
176.697838824472  34.9391363414796  0.643866114814727  3
170.517857902064  37.2243055299848  0.621412874438112  3
176.476809810809  36.2557922543379  0.631683145239407  3
174.457603966303  37.3600162045588  0.602555975910678  3
170.235673866473  31.2228900405562  0.61589472751872  3
171.648479835751  33.6235183471175  0.576487788424977  3
173.427069985968  32.7960372477073  0.577160866523342  3
172.789232736083  30.8535409394574  0.641801440505603  3
171.205085198449  31.9850713432552  0.586558399403571  3
175.58233109108  36.6452081348657  0.598179685288508  3
171.794727810152  31.3834262371274  0.649000892261348  3
177.050036436645  34.308496866726  0.599826284840552  3
176.476788416086  34.6326553806646  0.591068591922818  3
176.850930249517  33.7830541180847  0.596403886651716  3
170.55656746674  32.2388117828703  0.651275797040166  3
176.269304671438  36.1348953395867  0.639040053594606  3
173.303591914865  30.4146878643268  0.617808817357272  3
176.694203611659  35.4525027598787  0.639994539152929  3
172.939891825478  30.4085481828768  0.616602893514185  3
170.029435630488  32.3194565006091  0.593028426593601  3
174.234057331684  37.0368876332737  0.645397644260696  3
173.171312019866  36.8091069500974  0.652119981026605  3
169.394475985326  35.0765495429569  0.645226906616938  3
176.652874712703  32.4377954194441  0.634875139102126  3
170.447747926257  35.310184491138  0.584491035299869  3
175.791689723929  32.1834822615165  0.646545144417029  3
172.584829346734  35.1598248694092  0.665819463349955  3
175.16720434232  32.4550588092506  0.655260223907473  3
175.105262844407  30.8723646869906  0.616161301465176  3
173.406276845403  31.9795992250036  0.582238651452402  3
174.290897529062  37.4255299125055  0.635366112300479  3
176.150984257682  36.5197234493624  0.605046193794488  3
171.708061406618  37.1918770177353  0.596946789413924  3
176.363947890637  35.3341356004755  0.592790957733902  3
169.445946481212  36.0976430589961  0.63432265862844  3
173.839106821342  32.5440555783147  0.662272448053576  3
176.234139170745  36.5474852454719  0.608070393799354  3
172.415839267017  31.2546722783154  0.649148990839171  3
174.471789035637  32.4917346448085  0.659685980825532  3
172.300002242357  36.8264542363784  0.651099908922745  3
173.140192016801  31.9328057084398  0.582420287877026  3
175.346981950507  37.1744338603597  0.608838535896422  3
174.470572450349  37.59923782216  0.614804209374796  3
174.547526269417  30.8514462277905  0.634069859755543  3
170.41085673077  34.7865366053689  0.582804315884539  3
172.293623540712  32.0047274924091  0.658349650344988  3
170.221043576268  31.5574479027804  0.60210104413609  3
175.325564402994  35.6096604849242  0.655576893369451  3
171.426443991714  34.4308265473026  0.664741466050623  3
170.866054230939  32.1545922005648  0.587077272778897  3
172.564066726228  37.3989163437676  0.640652691678485  3
171.510500651541  34.78154579054  0.664405758723198  3
176.218349875421  33.5721663597652  0.588363687718759  3
174.241481520325  37.339133972583  0.638418564558191  3
175.409770658479  34.5398432293675  0.659608785475011  3
169.417684162328  34.6137591382833  0.647579753201614  3
179.336441040039  33.5851860046387  0.519613981246948  2
174.881067189273  34.7138571257575  0.538518329912444  3
181.52202219382  29.8391406498183  0.506744513615479  3
179.074673717473  36.7807063911072  0.489045135561447  3
178.436400344302  33.7034674554811  0.56388791668251  3
183.645465661827  35.3073733804159  0.500167833775837  3
178.270138333146  37.7217419889032  0.527461587503316  3
177.392968263806  30.1089268030172  0.538676926271725  3
174.437344645113  34.9882780050767  0.511842297066308  3
176.048419139718  32.8841905686484  0.552746456489335  3
181.890307453497  30.3270854653811  0.537269687255982  3
179.08100595808  31.9428058353982  0.478699175453589  3
179.858345291606  29.7162904592153  0.537679636330585  3
179.007629752421  29.8251366737858  0.540233024769805  3
178.236971875936  30.1058548358355  0.49400883790798  3
178.295587146266  30.1113148157433  0.543493524456504  3
177.331711639279  35.9218895377529  0.552544528806799  3
182.745421155733  31.5252313963706  0.544270356758774  3
177.726481199529  34.5279706464762  0.561025423893283  3
180.831631879736  34.2665917399471  0.477841258145399  3
181.907829027689  34.6227156325509  0.556695193132546  3
175.000469963198  36.0417484660603  0.517331459080587  3
178.891569079227  29.5743798063324  0.534386721511219  3
175.938365619092  34.2085987811689  0.486048666656054  3
174.233799636136  32.8903148403223  0.519040264863403  3
174.531892444788  35.1798867852869  0.511136908846827  3
180.991801251641  30.8440573349615  0.487779778203723  3
183.228599032658  30.9760390718461  0.528701240252552  3
177.475633257011  35.3416591561327  0.55695920131566  3
177.567342369863  30.021656567269  0.53826570370618  3
175.686418934987  31.5784312109924  0.542032494852747  3
176.139648214667  36.733934807602  0.503767837093611  3
176.42399713823  30.9157439440196  0.542717841561104  3
181.428598340867  37.5605407440227  0.517104780162509  3
175.798851188566  35.8758298764235  0.541521780900371  3
174.933138351483  31.3688678132527  0.518035631433388  3
181.401694800421  32.8319106563463  0.479664476772831  3
181.829921271861  30.0336398481837  0.531131856728063  3
176.020132831337  34.0863871546606  0.485309429325986  3
179.28963476749  37.7691908929902  0.529308485710594  3
178.070277119434  29.4487002042889  0.511247368484281  3
182.031695082331  29.9375668741897  0.521944952993086  3
182.315708338089  36.6565506254679  0.537091064014195  3
180.68900643967  36.2983301209626  0.551824026565287  3
174.573609089369  35.3509228289447  0.522235147451553  3
178.124885284616  32.7905644192152  0.562424998754055  3
177.335741044201  35.9335298857223  0.485860486193992  3
177.523372957981  36.0231055634329  0.55256706275719  3
178.120984558166  29.8518008146233  0.498606439090359  3
178.392479655493  36.692058247838  0.548823264243248  3
181.498807749719  37.4504495063899  0.526407792276455  3
175.520186675402  35.8295840076676  0.498275447175593  3
179.579498240823  35.348100052339  0.560344333876078  3
183.883509771397  35.183354484197  0.532963964160347  3
182.951577737361  30.5482355375308  0.514689142151586  3
176.384073675243  32.8852371480383  0.483552912427512  3
179.605602039183  31.9704796832533  0.561038535201401  3
182.592665799064  30.2827874482003  0.522143707909  3
180.408281588174  35.7033533438125  0.557225100849173  3
180.239549077161  37.7083668545598  0.52915600744423  3
179.082217422108  37.3606274488352  0.496878573048903  3
183.544991827198  36.1715758800859  0.514703080248596  3
179.72298730551  35.4741027217791  0.479805397661892  3
179.728498255404  30.4048535022063  0.48899072703062  3
174.627951581766  35.3323547392734  0.525860507768523  3
178.246504406406  30.029175333362  0.495103299682956  3
177.878113941668  32.9766722100083  0.477672347462143  3
184.394210100119  32.7165205525451  0.51943350169946  3
180.408535938678  34.5719566621177  0.477565743121852  3
178.687553326025  37.8592058907881  0.522046391277372  3
177.373411499016  32.8187201376704  0.56014931528162  3
178.582450750333  37.6739360184317  0.531159921634147  3
180.312449005628  30.9144412764549  0.485274540734921  3
177.656453958889  33.0796610382305  0.561644103216087  3
183.594943329866  35.3662519660704  0.49989928008141  3
180.520440670407  36.0939728092535  0.554105564400426  3
176.069287369718  30.2700030647611  0.516133267451909  3
180.329208651321  30.2748856405487  0.546028818129277  3
183.695957763457  32.8357254446979  0.541111585502468  3
181.570496472014  35.9829144910024  0.487218774902287  3
183.427018098872  31.2601800949371  0.530164592371521  3
175.26241454145  31.2330503126287  0.506166275294909  3
178.235167406259  32.6698447507415  0.562385338638324  3
176.385203372191  33.2144403681486  0.483039032576035  3
183.246861428634  31.5579244297158  0.498506174728032  3
178.351499060447  35.8873819418381  0.556159223367819  3
178.736582946398  33.1746840188288  0.476069855498216  3
178.81556790516  36.7597507044337  0.548802572551947  3
179.669920210899  33.7650639393962  0.47573353380781  3
181.745447372254  35.416306421999  0.554014221469819  3
180.803433476383  31.7229440864758  0.557636974846979  3
182.676526335253  36.7714445569299  0.52885082582997  3
181.028008582192  30.9523167771585  0.55114648991285  3
176.004235696491  31.3355252346564  0.493979130026591  3
178.483373725964  29.4983767859715  0.505632392598399  3
184.147783446941  35.1338567142873  0.525503794999535  3
176.792958570477  36.6066383946068  0.542091637614157  3
183.493476891578  32.9798414745946  0.492947921094564  3
183.584220368354  31.622790061667  0.50345834939531  3
177.485925544673  29.5682987175606  0.520960179844401  3
178.010112975696  30.8900046430554  0.551944120101992  3
216.301452636719  35.3477592468262  0.538405001163483  2
218.782050398501  38.4251742943968  0.515420243257511  3
221.189759296984  36.1306720892287  0.52510038603071  3
211.565665608572  36.2176772830989  0.521655464074383  3
220.194639574968  37.2704878275534  0.51575204797543  3
211.686036453435  36.8043257099012  0.523671387837293  3
217.630764882203  39.3166579487877  0.54581390509448  3
215.328521990986  39.3806566962523  0.54585946993958  3
216.484057344059  38.1079901565517  0.504222643428119  3
211.79771567649  36.8020456278796  0.521118403588686  3
213.533433413965  38.7412234744872  0.548525483004117  3
218.5891298356  37.0376879334426  0.574199158893015  3
211.781909635815  37.2251054824462  0.546313761167568  3
218.288055412588  36.7362083009267  0.499635345758308  3
216.446838566878  33.9302072741414  0.496406818954067  3
219.924592090792  35.0395900278186  0.569459166923108  3
219.342125304122  32.5441768247902  0.556777203438887  3
220.163335769915  38.0553594477024  0.528163756899358  3
213.327498061954  34.4042502502381  0.502985567215371  3
221.252317692557  36.4341817368401  0.542727305630158  3
213.480337336799  34.8683469138867  0.575403505225938  3
219.117918218516  33.5880509681565  0.505592335590584  3
216.369464209886  34.0213293241475  0.581355143307376  3
221.209702203228  36.1352261026327  0.525757528983736  3
212.846208138617  38.4735558192168  0.541240521620948  3
215.50477566941  35.6901692907786  0.583134299757292  3
219.608178020918  34.8942748572833  0.571976887206529  3
216.891205869474  37.9398090319879  0.573013867723727  3
213.718328102679  32.6538423254185  0.563110358044319  3
211.712002378831  36.1043477655355  0.556061532297757  3
220.985639519013  37.1606343883123  0.535231147899505  3
215.759556473453  36.4230526856649  0.58196227737477  3
221.23462390069  34.6402367416271  0.546065296759084  3
219.00235975383  38.7870875016152  0.525669079302142  3
217.640038846838  32.4125600449338  0.507948179656704  3
213.820656769379  32.0094454059896  0.552794923881735  3
211.209281420865  35.995299928137  0.534525418488783  3
220.086706363498  33.389467596529  0.5158988002634  3
211.337912867195  36.3201587296379  0.543895491666362  3
218.924404018674  38.9409706018421  0.542572021032042  3
220.089041308249  33.9046548174851  0.511734309513619  3
220.260892316213  35.3539492132125  0.566273722768049  3
220.51690391203  37.553278004366  0.525119467793266  3
220.298223191033  34.6517626506761  0.510517987276242  3
216.186724290656  32.0828603298077  0.565758999046635  3
211.691425843945  37.0961785719099  0.545726343641252  3
212.559508075513  38.0074037650418  0.550040841839815  3
220.637005161297  37.6583900304246  0.533536921838318  3
220.230272184567  34.9988725185419  0.566260918580942  3
215.490982839678  39.4824650562026  0.539399577260093  3
213.280689309313  35.1487252130145  0.501917332621391  3
221.079362105583  36.525444127004  0.548743190519602  3
216.117403215705  39.310477942991  0.551533012092785  3
215.063849851611  33.4558083778128  0.499789941325247  3
220.898040999909  37.2157843283927  0.54318922387613  3
214.178381718532  37.4131206951019  0.503513092641771  3
216.219470048954  32.893011491613  0.574600791919987  3
214.339052503986  32.4111493400102  0.564414723959876  3
218.410904262343  36.0613321722704  0.578807524258173  3
220.730395485304  35.6780430225104  0.514681612998003  3
212.441518911779  33.5770043938201  0.559529131894009  3
219.809406060202  34.7061403928102  0.569842363097294  3
211.321675256183  36.0224368547776  0.546188557057751  3
220.673725911793  35.9705385016418  0.514446586479204  3
218.12124340382  38.7998895608912  0.557364312307137  3
212.534633670559  33.1119396053186  0.555280183740924  3
219.154261735992  31.9782153162078  0.5286604720243  3
212.704469275927  38.1217572290179  0.523535567951082  3
213.504237932206  31.8718863344933  0.539543701787871  3
214.631633111673  34.3002978043346  0.497608074842919  3
219.779538156609  36.7385669237861  0.507935181236362  3
219.836001108018  33.4604973770455  0.562575622303177  3
216.363151870206  39.2845028724675  0.521614848886711  3
219.527375941313  32.4734194337265  0.521345613132657  3
217.133945714252  31.496678270418  0.553127691544571  3
218.79493411057  33.4020633337349  0.504828581609346  3
214.1769269062  32.5608137082636  0.565318340664212  3
214.810014691244  36.8839889112347  0.498698319426025  3
219.569476385389  38.6052838864831  0.532668128324127  3
219.984117608917  34.1978876537394  0.509097706849106  3
213.611631811503  32.2295585712154  0.519025003942069  3
216.822110317094  31.972203306004  0.563714644407381  3
211.236081326355  34.7460038899138  0.535382147875237  3
215.599000953083  37.3205081464618  0.499233829624984  3
220.342846556255  36.2595395934072  0.563733851163211  3
219.129348587646  37.3788965024325  0.568575988775258  3
211.397629162667  35.7234140062782  0.5501012970673  3
221.222470815806  36.2325163986201  0.52695871638566  3
218.535744594928  38.4760461543946  0.51437455229104  3
212.923040220882  37.6997455996676  0.560486600709562  3
217.260787341014  33.1373618845306  0.575471355531018  3
217.910056322371  37.090462726363  0.499927201016585  3
217.711477676099  39.3580954531292  0.531633576735791  3
214.570462413963  32.2046032904846  0.512058812361147  3
218.470719145423  31.5700965578871  0.538539751756476  3
218.792900596178  31.7168354855207  0.533792318202111  3
218.142157084301  31.688085200521  0.522526144262506  3
213.243973407772  35.0686482313928  0.574107591009978  3
216.089714963593  31.5336235544031  0.555653256808877  3
219.559529603115  37.944217369466  0.515843015600418  3
214.356445084544  34.7484674115085  0.497503581647726  3
192.974609375  38.752742767334  0.520721018314362  2
193.728463193363  42.0074580376399  0.491334058978952  3
193.198619735358  40.9980679012989  0.558620036822893  3
197.934535198567  40.3375395310189  0.531829396046411  3
187.710422450587  38.4472232856012  0.506123586382324  3
189.698819604859  36.6738897474157  0.491526485497728  3
192.886762362763  36.9254258241745  0.480511733392484  3
194.20781045045  34.563226376332  0.515726894144297  3
196.522708270958  37.4923859534621  0.488774330958049  3
195.472138523935  35.026585115509  0.51013516957166  3
190.702035634056  42.6634438318204  0.525402581427878  3
189.915784153552  35.281729769637  0.527273629844998  3
189.048324538205  37.3287234133881  0.547230993512131  3
189.834269589478  36.6251098179133  0.549008973138354  3
196.267094237112  39.7668456946154  0.485992018989028  3
190.310953991763  40.4402396707318  0.485328810981781  3
189.916895968366  38.3609656855001  0.557387974311006  3
198.246981487545  37.8572804198155  0.51039620353743  3
193.859314145813  41.1537364380194  0.484182186101947  3
192.856748837594  35.1450037820861  0.544107364695993  3
198.218791263714  38.1665531777585  0.506890712802286  3
190.867010120478  42.6204116025436  0.508258902903425  3
197.77714554909  40.9746395746347  0.522556123662408  3
198.031313090371  40.2506518803545  0.530328146066673  3
189.411527407611  42.0894932035032  0.52304199579789  3
190.814184880453  34.9177816971606  0.529144054193534  3
189.672727722223  38.9639858621873  0.48476702150482  3
192.750610905704  36.7905599490049  0.481166044390398  3
197.47187301528  37.3481449941967  0.498611932381  3
187.53505652715  39.1400180537345  0.511184701861279  3
197.796147795588  40.9656372326241  0.516842921395477  3
191.033578328136  37.3975751314303  0.481523278459683  3
190.823824699495  42.1229738977623  0.497493424482005  3
192.876101213881  40.6651148023109  0.560715577794338  3
194.726675854263  37.5985207984046  0.480374092133645  3
196.540581667512  41.9082461023814  0.530903539417207  3
187.590281873019  39.2716360191191  0.528737529532914  3
197.006980221002  35.90694044192  0.513810468969443  3
189.28948746238  36.8013110152742  0.545748714604035  3
190.861196094469  40.8023935639567  0.555844629270268  3
194.614371959535  42.5544007807632  0.502635320929899  3
187.971620732619  40.6880195214071  0.522122904790275  3
197.262510056332  40.866893062817  0.50066679366964  3
195.105298075582  42.5373668225803  0.505819528260892  3
196.349709008382  42.1186007484115  0.510443045199159  3
193.920060755989  42.7591160057965  0.504469943439796  3
191.860887813021  40.8689670565076  0.558408284824128  3
195.693283188023  38.2286748152433  0.559027225946485  3
194.393060233935  36.1299669695068  0.553663702996661  3
191.310757494622  38.7483553070688  0.478566506396939  3
197.143957371808  35.9876193495184  0.520335881715978  3
194.798807480555  41.6236060485547  0.550000038647751  3
196.364861938655  40.4443532495232  0.489261880414511  3
195.118318373398  36.6480216521073  0.485676846642797  3
195.84638892321  35.6295622084096  0.499793545822889  3
188.230697125214  40.5310549261446  0.53433889518883  3
190.173367158129  37.0159248899932  0.554079909689449  3
194.603492964771  36.3393190399857  0.554769904661063  3
190.998614124032  35.2621680610631  0.499002763880479  3
198.18583849329  37.6938904035167  0.510173271549056  3
189.808202498236  39.1108419953515  0.556877187686137  3
189.792745538656  42.3198878004689  0.521739968636071  3
187.678571925377  39.6925006138896  0.509252021805068  3
195.583474808164  36.6095235846295  0.487959790425444  3
194.514747895248  34.7115859851633  0.510033486630421  3
192.75971350024  40.2045567853047  0.562889932089647  3
188.992936587198  35.9554146541717  0.509930612992268  3
196.1000381192  36.1083840482523  0.543819176466346  3
190.764621673216  42.5746575501695  0.530560662678786  3
189.206277909651  40.5080009984317  0.492359783586496  3
198.364771314698  38.5379843843664  0.509546658725471  3
189.972979900104  40.4367110461111  0.553600130643799  3
196.928065279153  38.1599851619962  0.489668013122366  3
188.340082172693  39.8309140809507  0.54170806909829  3
197.89861909733  40.8036204873577  0.522537828170468  3
188.329778649188  36.584522252615  0.512394339060696  3
197.205625131891  40.5586786047456  0.54209381833916  3
194.751380923738  39.2338315720408  0.479089261758912  3
196.214652851877  38.2362666826495  0.556072806665909  3
191.543746016348  36.0622110254871  0.487464786080921  3
189.797692090284  42.2610150900951  0.51183840572455  3
189.637012974419  42.1574972529598  0.511147208467064  3
191.890650467955  42.8213611169931  0.531424847360536  3
194.436023658096  37.8301339031217  0.479121816205184  3
188.55067477046  36.5883730581805  0.505835488567247  3
188.176955990043  36.8281274891223  0.511382195377037  3
190.717452272989  35.277755479726  0.500682084574213  3
195.974932661003  36.7859758855813  0.551286442398339  3
191.285130721182  35.3039907483402  0.542482494994825  3
190.300812512406  41.1942640673389  0.490033740687597  3
193.331759354704  38.5638026111796  0.565632235170314  3
189.353128767537  41.7206570651158  0.53453934470261  3
196.968955571626  39.1472028579361  0.55071038222712  3
196.99683380161  39.5522390172139  0.490383089536812  3
187.447717890755  39.0007458596609  0.521694715066168  3
188.305106928384  36.7182254615482  0.528724774111882  3
192.901264952508  42.5332601740164  0.498097708331068  3
198.236451817302  38.5331608033915  0.505819216021298  3
189.472198034907  37.3998170568309  0.551400102231007  3
187.753216676275  40.0606248336499  0.527451614577957  3
197.840042003448  40.3607279923807  0.504778589941783  3
213.826782226562  35.6416549682617  0.496003985404968  2
208.366120599024  35.8394466538723  0.502079072408683  3
214.902761961452  38.984522354876  0.523442718394704  3
218.885402346037  33.8969266391123  0.493710866935763  3
218.980665131402  35.4301015025917  0.510505192767538  3
217.401971723638  39.138578512029  0.492960347724045  3
218.131588833056  37.1562684160868  0.471045881637209  3
218.527072393385  33.6239443007794  0.483371525679258  3
210.664267865339  32.428989963488  0.477399066310058  3
210.967323595215  31.980210920831  0.48346543772027  3
211.456607453368  36.824278673673  0.534039681889178  3
212.739801150298  32.7511942183617  0.462951055597542  3
213.461247871088  33.9009065149689  0.455719070343227  3
213.403502565035  38.6530931617493  0.528009797888879  3
212.375006746523  32.1454442132283  0.469904446977947  3
218.918106533441  36.7758347318191  0.48022860182353  3
215.603937916646  38.7992316286909  0.52332563394157  3
216.9253993972  39.3609322925941  0.500767673754298  3
209.093738547628  33.4969763692329  0.487257198145255  3
208.934478733084  36.9231515743846  0.511818622947802  3
211.643323183598  39.4783684570831  0.478868407170583  3
217.620533189358  34.1399791912652  0.523390440674107  3
210.373238366292  33.2784364198205  0.469930764714173  3
212.946434984214  32.2458322131725  0.523160436765301  3
210.175287218495  36.7050294685781  0.526997969524819  3
218.537321610604  33.9691076971076  0.478983986086197  3
214.093666121142  35.3824801505591  0.540339365060236  3
214.650112111589  32.0980206609318  0.468773546045051  3
214.732517972854  34.7117303128249  0.538757594364885  3
213.448380573693  31.3400790701929  0.481740293937148  3
210.368711796586  33.2235939544918  0.470452539053181  3
214.731800365346  35.5267378263866  0.53980776825843  3
216.895518455605  36.4308559924592  0.531621414134147  3
215.121011557323  36.9412445318906  0.455354215848531  3
215.158861173495  38.807407001035  0.524778825755026  3
215.025774844119  31.851554813146  0.473140990638881  3
210.931976209853  33.9658009711631  0.529137245741057  3
210.137761774123  38.6096615404936  0.478130889637515  3
214.26627174047  36.3332000942229  0.453125976931011  3
216.077036774742  35.7497135241658  0.455968131204828  3
210.437298840624  32.9437433948557  0.472642353448942  3
214.378982150767  34.6052640964188  0.538924053448812  3
211.968655395144  31.6483259595515  0.508169087740752  3
208.788231028  36.6913854197568  0.510471925542877  3
215.325828181341  39.4908489793718  0.475043603146303  3
211.198011899858  38.1313458972142  0.464994562970829  3
218.119947848819  33.3736785636364  0.478697932996834  3
216.3749785529  39.0167894524472  0.473428363837456  3
209.320424468047  37.8434539626704  0.509716991121579  3
211.34224997983  37.0910750541092  0.459078698127415  3
218.447546818162  35.3191691229925  0.518898375040639  3
217.090697673474  32.7752007140548  0.516167411600081  3
217.88608356389  32.6768969264972  0.489498297102919  3
208.841727674931  33.8322533882612  0.499277348507906  3
209.154489662496  34.3015084704895  0.51383428939285  3
210.410228390763  34.1370666109709  0.464271656073744  3
210.145786684966  35.470257475584  0.462726692444561  3
212.379402226045  33.3744008635166  0.531935225403921  3
218.886645021724  36.2736953238181  0.511870973332501  3
210.263093464542  34.8698627529114  0.528199699907612  3
210.118489790808  36.5583290018034  0.527000007220745  3
211.895426095095  39.845900056149  0.488944103447328  3
210.034141144742  33.2206192673047  0.515832158234254  3
211.767453805393  34.644923991131  0.456486251361313  3
218.919569315017  34.1308068319508  0.501751750172082  3
210.315555057371  32.2029231333346  0.494811736791606  3
217.866529711114  36.7862004210977  0.466987354344786  3
218.288107134031  38.2585142191822  0.485888626266037  3
211.553991595232  38.1138529583103  0.527641865633796  3
209.488348841244  33.1822448214383  0.506191132431126  3
210.563036951267  33.5613000009933  0.466379257763551  3
214.128604639876  34.2018430452467  0.537857818524282  3
217.919288330654  35.0572727113143  0.524195482323705  3
217.403310886344  34.218699282655  0.46500066940735  3
217.737812093407  37.5288079657044  0.469457943911981  3
217.267420084837  35.0926759082966  0.461642881413336  3
211.237231369182  32.1008992659446  0.511917268653494  3
218.55806064285  38.0352073837805  0.489445243337227  3
213.014089838153  32.2550970823722  0.523415735120272  3
212.174488589607  35.99419254122  0.538127791814227  3
215.332786527863  36.7064901687294  0.537252697657229  3
210.000845488491  32.6256361709767  0.505034835790223  3
218.31928843191  37.8179433519694  0.510306667031158  3
210.256877457235  38.9422982367843  0.505762525143167  3
218.9031198708  37.2170282633704  0.504845142477393  3
217.429151453246  33.3352755639576  0.470737911588334  3
215.86102458165  31.9007623723455  0.512765347205985  3
214.460261594898  39.4701937580878  0.517501809690382  3
217.043465213206  33.3018777491302  0.467907024640616  3
212.297882459666  31.4567705240725  0.504957583224373  3
219.201004716827  36.7732852352135  0.498963132801278  3
211.408686620446  39.3019454463013  0.512138009919589  3
210.788648226309  35.9310450170236  0.532510313361181  3
208.588894530832  36.1393121974977  0.508478761545682  3
219.347474360298  35.3216104895766  0.493938080668251  3
215.588245488935  31.6948115358722  0.510214751739303  3
209.281888455799  38.2801168367524  0.498287797397932  3
215.416879394753  35.3905556271919  0.538353430102299  3
213.44450958231  32.5489927507531  0.463639222121666  3
216.115631235275  38.9812825953917  0.518466208358244  3
216.000131176556  39.6667322428243  0.483960980328395  3
